# Created by Octave 4.0.3, Tue Apr 14 02:31:27 2020 BST <s1803949@james17.inf.ed.ac.uk>
# name: Cumvar
# type: matrix
# rows: 24
# columns: 1
 0.1163045495843264
 0.1714094295344916
 0.1954189134089458
 0.2111603478265409
 0.2228367727061549
 0.2324530260086571
 0.2407888626012947
 0.2468609654056212
 0.2513746197834566
 0.2554730662645267
 0.2589228059937481
 0.2611023674037151
 0.2628300330804659
 0.2643074824583553
 0.2656468061578638
 0.2662556081853147
 0.2666695987902684
 0.2669142442078812
 0.2670373388622456
 0.2671180789295801
 0.2671701577625031
 0.2671989688545585
 0.2672178321423356
 0.2672302479710889


