# Created by Octave 4.0.3, Tue Apr 14 02:31:27 2020 BST <s1803949@james17.inf.ed.ac.uk>
# name: EVecs
# type: matrix
# rows: 24
# columns: 24
 0.1326287963561878 0.08101472382193445 0.1426164442706964 0.2898765951331918 0.7828444962517734 0.3555082709874484 0.009976578738122818 0.1061328242562837 0.05167519506818804 0.1260298524655603 0.2463427614199682 0.112399177668407 0.1493669458427216 0.003091442691054718 0.04224526630962892 0.047175686428765 0.02192855736442608 0.04183699076075752 0.02054757537590477 0.0010763557244 0.003715190655132602 0.003217084413690458 0.001242100928708004 0.0005474161461089221
 -0.3283878865439323 0.2734439310001511 -0.414639071821457 -0.008521369123419366 0.07158679305990567 0.004641015680694761 -0.1644125371221595 0.1279833001415861 -0.3929346030717619 -0.2502992761991341 0.3959358423645281 -0.216986585645079 -0.01215989590256777 0.2390095952261651 0.1470028441059838 -0.2884604927214889 0.06935363899375775 0.02083677692440452 -0.09099345225715653 0.01283144351821156 0.009246693444120744 -0.005469195587473919 -1.632764795325072e-05 -0.006466506355412781
 -0.4777653094491587 0.4095466385936244 -0.3651541530559707 0.03386278889902741 0.056594717271727 0.06453108348827724 0.1399341521375438 -0.04919921607305178 0.1085337242928189 0.08790201803732871 -0.1519182532192654 0.1693009703714822 0.01216999076257891 -0.1484522584863331 -0.3398738639996035 0.4487861049505839 -0.07253901551912759 0.02667396263374321 0.1488047411937339 -0.03855730451806542 0.008575064520970774 -0.005517247159621042 0.0008312095777952532 0.009642275179427257
 -0.2639321950259807 0.1965097597322757 0.03776151835523495 0.3571917270781312 -0.1960444057195249 0.1888931095764851 0.1475371941482991 0.05807754134666421 0.1566992513208141 0.333403295959495 -0.2541893984561971 0.2657167806462689 -0.1122340621743482 0.06170684796483283 0.3053954443967276 -0.4173941612304995 0.1956361453016016 -0.1302948086141495 -0.1991050303288195 0.1135907641728257 -0.02157163303668816 0.01732270854187091 -0.00144882369105217 -0.008696567110298975
 -0.1779043534391899 0.2063574421109678 0.4953656313733568 0.2093408144709861 -0.3465939328584388 0.252699744612138 -0.05878225055180398 0.1569223129602895 -0.1587653565193881 -0.03439586097541544 0.1430750860342112 -0.1626067438301415 0.07894097007198594 0.001902179426750459 0.2598537679222813 0.2520881919232193 -0.3156353106717736 0.107514760886454 0.2170720005003884 -0.2261148286029468 0.05280535050074883 -0.03892855300040431 0.002865099249237358 0.01172661920982791
 -0.1804809896918441 0.1993622828991673 0.5287120025559565 0.005728739176786982 -0.047148440189024 -0.1176293072378425 0.04896452148224362 -0.02037225930508242 -0.07044548236518219 -0.1722760031962942 0.2017070817880914 -0.03609198281605013 0.07963434947368719 -0.0439074061931331 -0.4294273613734323 0.03227720961375223 0.3571075700652426 -0.176806243152782 -0.23811938860512 0.3423565255331259 -0.1343800578614723 0.08923340341476002 0.008986093900624431 -0.00971233287482323
 -0.2125417619855279 0.1763495746384501 0.3056724308652962 -0.07289243121306749 0.2622937176411989 -0.5208662118946072 0.06468830812222055 -0.1950287612539622 0.1035147668366598 -0.05334196027591435 0.008300932501510852 0.1720546340515151 -0.1799389745723927 0.0889398738402936 0.01585784447213344 -0.2778997394548014 -0.0143673039351232 0.1627943393245961 0.192343989441214 -0.3843718588436718 0.2208514814962032 -0.1440525224307929 -0.02596425008786442 0.00316831417303558
 -0.263803997584673 -0.1151848876878442 0.02113058879751663 0.1476864673761895 0.1864595975848322 -0.4652640620533551 -0.2055915629255014 -0.09801635804773169 0.05416087805092775 0.2037010260630422 0.01939969854991729 -0.1647035686631067 0.009048209644511508 -0.1593980533299678 0.346938599265678 0.1611899770540591 -0.2862711988475273 -0.005566372775634916 -0.04887038327498441 0.3500444724876474 -0.2992102188497697 0.2201723613830257 0.05563424841435717 0.0006443850246530332
 -0.2383957686814857 -0.4082757581668974 -0.03439615086522432 0.3639524970386193 -0.01369813642449383 -0.04568978523727177 -0.3399528581245893 -0.07884858953824096 -0.1483533551542901 0.2527187784257436 0.01542462722782591 -0.1782481054099047 0.03624067425032348 -0.1348368928968752 -0.2114547346061025 0.07190720001992285 0.1992235362356299 -0.1616163159531819 -0.1048088300271698 -0.1923554881166978 0.3408743033171309 -0.3014414737764222 -0.1027499452576373 0.009720959800805874
 -0.1382405998902307 -0.232734391893014 0.04989658224244567 0.184330919664614 -0.001320281675451783 0.2614911519497424 -0.3065854146891906 -0.4014611151752515 -0.1248103673705297 -0.1718988826708652 -0.1181788519095969 0.1943535466431622 -0.2196688144969563 0.2709404543616767 -0.2019777333861091 -0.08384964941453102 0.002533586788116456 0.1209348572055586 0.2415982737431606 -0.06930861883039056 -0.2871597903100171 0.3494497920834808 0.1335770795475643 -0.01151448435312194
 -0.1187744788606551 0.001143202811554451 0.02160836795107189 -0.04074680574557493 0.04492035738254928 0.2345180468271355 -0.02047292256443851 -0.5334054576298912 0.2634064411013647 -0.411261358676144 -0.05245035231834213 -0.04944933840821082 0.06037086912148915 0.04241980653937347 0.2570181665124771 0.09080413691760163 -0.07595218679304999 0.02847142763152154 -0.1898590131267454 0.2692358370268266 0.1608380144332942 -0.3789053419930862 -0.1828937551950889 0.01849547470782781
 -0.2125872513005439 -0.2263370923272228 -0.06152114260932802 0.01000792764331858 -0.01745712137511239 0.07689369079652485 0.4507036777614525 -0.2230586075657639 0.2170512458378754 -0.0753753216122824 0.1679833819420059 -0.3120256081924676 0.3120462359766467 -0.1559760406334689 0.1085950656599607 -0.08159608840888859 0.17863084631928 -0.06086773275496096 0.01919951157734979 -0.3048710280228406 0.03489438416445766 0.3605278520154691 0.2475266296262949 -0.02583327114092301
 -0.2084534076277228 -0.347515221397916 0.04608682238459021 -0.09583609217408026 0.03058048935277098 0.05574552615877017 0.5490875765095087 -0.04428119708915779 -0.352300949189369 0.2168513907973666 0.1014999199085508 0.0275573714007887 -0.04775089582789418 0.1397251963740815 -0.05513627488298209 -0.03990213618934185 -0.08571185426681308 0.1487552239090398 0.1765790698246514 0.1874069425973125 -0.2208910641408216 -0.2585621595524357 -0.3088882770083447 0.03870518327224165
 -0.09928515417014996 -0.011319027100811 0.1331721192059747 -0.4451876923081642 0.1343657122282396 0.1549166078045031 0.02751076862584784 -0.1634600274085869 -0.3491064876207154 0.2563887910086369 -0.05614398334524956 0.08874604351970022 -0.2508446898583043 0.0752003993381829 0.1837854075773173 0.22741642634353 -0.001151179521713115 -0.170952799705455 -0.2641157179145882 -0.002569094829297569 0.299895609411634 0.1074231938292152 0.3804119041194445 -0.08164473107043857
 -0.1245806874719869 0.06294295367303332 0.06248121259850487 -0.4670182966542797 0.01494064059273314 0.2103369374829797 -0.3019364697529213 -0.04157573890470809 0.2106837651602077 0.2484330309049436 0.1495739006869304 -0.09804820987948452 -0.1106123468605136 -0.1806696408903337 0.1361668336488599 -0.02627811841640247 0.2793509878361529 -0.1155219469245356 0.166680619408393 -0.1628445588854965 -0.2444582064352507 0.06552850560432973 -0.4331646112280708 0.1468992450428161
 -0.2117413143001791 -0.1981249515948961 0.02002323923201863 -0.1471101469389216 -0.06619576178101727 0.156932926792442 -0.1013942405427057 0.2549889033356081 0.4036048144814829 0.05849713066622483 0.2802762346774221 -0.03716245353043378 -0.2605905567918008 -0.0985122499662905 -0.1504454623190566 -0.1558897297314732 -0.07002735058430817 0.3065266569061975 0.1069767992580204 0.2399240521920802 0.07720080272587859 -0.2043265499021647 0.393734826500188 -0.2194340257280128
 -0.1836026413330996 -0.2294990693137804 0.04060482342855802 0.03859502984628074 0.1073456238633173 0.05678272021711943 0.1244190275690217 0.3386731368633578 0.164822673016625 -0.2848151624631187 -0.03130693186117944 -0.01440977431844556 -0.4141394663710346 0.02819192990680587 -0.07977281460559238 0.05825560046648615 -0.2587950272917153 -0.1030814044836401 -0.3563513464032702 -0.1304578412380659 0.1123075423131956 0.2730612735727128 -0.2788612832917735 0.2957567996882273
 -0.1242830414073884 -0.07699454606954008 0.05854179987788617 -0.01220956317971602 0.2135790404983919 0.006169498723979058 0.04824656190733129 0.276910430041354 -0.01353336901992774 -0.2940432689867242 -0.4026077472370282 -0.2240379520580565 -0.14111754938227 0.04815066294566315 0.1400893364538403 0.09012779235957326 0.192153056529871 -0.3648578861043977 0.2208797960674142 -0.0884131534893519 -0.2702410780297064 -0.2559148550286467 0.1224409372740114 -0.3483010112312341
 -0.1507784818577325 -0.04681577183831272 0.08479026199619767 -0.1327486389254561 0.1132859876222287 0.02073508798436201 -0.08855853819418469 0.2136107753599915 -0.02537541913864791 -0.007283769742178944 -0.4328782892039064 -0.2136842678297754 0.2578447062710678 0.1861718236419781 0.03540006064894383 -0.02063468930143923 0.2357823128267586 0.3420767644153603 0.1984367052851537 0.2558327509226496 0.2839010055049419 0.1380541982125891 0.0391892647150607 0.4102809904408798
 -0.1700809548864854 -0.06563356651604184 0.06682196634170252 -0.1989006599704663 0.02491246875778919 0.01710000556031313 -0.1372142540675193 0.1068581055657643 0.1136406397243713 0.1213753921703575 -0.1540644300937867 0.02703261170498996 0.4252066899641708 0.3427639462343836 -0.1211948505068101 -0.01841740905875011 -0.1705473944279093 0.2064626465281777 -0.4004806327225237 -0.2089185304296736 -0.1352609306861342 0.04042319294782799 -0.1747462088935644 -0.4471463441000645
 -0.1072288066351991 -0.1415155822823964 -0.0140415007982491 -0.09947069188412892 -0.06215520490415181 -0.07361144306446812 -0.07157674883357899 0.092646054068889 0.1978826007139928 0.01702575221830971 0.1937537546263454 0.2952360956922692 0.2918723662815155 0.4008809854822452 0.01377870359348305 0.06536742814024102 -0.1104259775119313 -0.4378296990292808 0.08790509311206759 -0.04557230058887027 -0.1218376913720171 -0.2103120011063818 0.2607164618512426 0.4244334136230657
 -0.0737369772913736 -0.2079932259499676 -0.04461582598569621 0.01795329087720905 -0.09203989978703245 -0.1179424114697529 -0.0176671663409644 0.1594702338554945 0.01352314328013585 -0.1774850925936681 0.1992377407266042 0.4624870874360171 0.08113343488203049 0.04761667343420086 0.2548166261968052 0.2438255297294035 0.2678143361253946 -0.02601430041149212 0.2280732704432045 0.1570338712207408 0.3082061568855695 0.2495431684160764 -0.2473462461869515 -0.338875543036386
 -0.1167915170416803 -0.1414285961805407 0.008910259829619774 -0.06320248669988304 0.006097302288346356 0.005640889318698284 -0.06705698986411777 0.1182227090534686 -0.2180653950564083 -0.2376714819629301 -0.06002637789863553 0.3894503487038265 0.1411765194521612 -0.4703703976823334 0.1641990360690789 0.01987065362943254 0.1625475975760114 0.3172570008103231 -0.2556287902791186 -0.1960849331069792 -0.2832963269698602 -0.1809355018567795 0.1766882971744792 0.2020121273910514
 -0.131753880754226 -0.03229950185100806 0.05549875350537314 -0.1668167401140376 0.07352781494070981 0.1326008904013415 -0.08937962759096715 0.0192139561187424 -0.1662020188576113 -0.1029657960031241 -0.1366385914369965 0.1343059690647516 0.2709605838401303 -0.3962901312186182 -0.141105437365509 -0.4351203944252894 -0.4186698005154195 -0.3323295900248708 0.1993651064733371 0.1458361628104666 0.1881222000978534 0.09983271086332675 -0.07095170616079423 -0.08700891530532807


