# Created by Octave 4.0.3, Tue Apr 14 02:31:27 2020 BST <s1803949@james17.inf.ed.ac.uk>
# name: EVals
# type: matrix
# rows: 24
# columns: 1
 0.1163045495843264
 0.05510487995016514
 0.02400948387445417
 0.01574143441759512
 0.01167642487961397
 0.009616253302502251
 0.008335836592637579
 0.006072102804326532
 0.004513654377835343
 0.004098446481070117
 0.003449739729221378
 0.00217956140996699
 0.001727665676750809
 0.001477449377889456
 0.001339323699508473
 0.0006088020274509621
 0.0004139906049536173
 0.0002446454176128618
 0.0001230946543643839
 8.074006733445323e-05
 5.207883292300234e-05
 2.881109205543536e-05
 1.88632877771317e-05
 1.241582875327846e-05


