# Created by Octave 4.0.3, Tue Apr 14 15:31:48 2020 BST <s1803949@james17.inf.ed.ac.uk>
# name: CM
# type: matrix
# rows: 10
# columns: 10
 23 1 6 0 0 0 4 34 0 1
 0 418 0 0 1 7 0 1 0 0
 6 12 52 4 0 0 2 0 3 0
 0 9 0 12 0 9 1 0 0 4
 0 0 0 0 2 0 4 55 0 1
 0 0 0 0 0 97 0 0 0 0
 0 0 0 0 0 0 26 3 2 0
 0 0 0 0 0 0 0 18 0 0
 0 0 0 0 0 0 0 0 20 2
 0 0 0 0 1 7 0 0 0 10


