# Created by Octave 4.0.3, Tue Apr 14 12:49:11 2020 BST <s1803949@james17.inf.ed.ac.uk>
# name: CM
# type: matrix
# rows: 10
# columns: 10
 0 0.004662004662004662 0.001398601398601399 0 0 0 0.001165501165501166 0.007925407925407925 0.0009324009324009324 0
 0 0.09533799533799533 0 0 0 0.00303030303030303 0.0009324009324009324 0.0002331002331002331 0 0
 0 0.00675990675990676 0.008624708624708623 0 0 0 0.0002331002331002331 0 0.002797202797202797 0
 0 0.002564102564102564 0 0.0006993006993006993 0 0.004428904428904428 0.0002331002331002331 0 0 0.0002331002331002331
 0 0.0002331002331002331 0 0 0 0 0.0009324009324009324 0.01305361305361305 0.0002331002331002331 0
 0 0 0 0 0 0.02261072261072261 0 0 0 0
 0 0 0 0 0 0 0.006060606060606061 0.0006993006993006993 0.0004662004662004662 0
 0 0 0 0 0 0 0 0.004195804195804196 0 0
 0 0.0002331002331002331 0 0 0 0 0 0 0.004895104895104896 0
 0 0.0002331002331002331 0 0 0 0.002564102564102564 0.0002331002331002331 0 0 0.001165501165501166


