# Created by Octave 4.0.3, Tue Apr 14 15:32:09 2020 BST <s1803949@james17.inf.ed.ac.uk>
# name: Ms
# type: matrix
# rows: 10
# columns: 24
 -0.9757180529204631 -0.6862706156270554 -0.3149992310587898 -0.1173899752924375 -0.09759914294147619 -0.06461355756655783 -0.01806965787395977 -0.09080539615575875 -0.1233130241091262 -0.0151905339293073 -0.001752158907278156 -0.1059842503810196 -0.1068057776341548 -0.002951506531972545 0.02272956541857379 -0.0287950475173206 -0.05401758548853292 -0.06121398663344881 -0.06120925871441436 -0.02763883637056016 0.007372164282571233 -0.004043687008439614 -0.03390635792020313 -0.03146816050981352
 -0.9931250789565343 -0.8585919401651159 -0.5225175759802905 -0.1723350896145702 -0.1532840908209335 -0.1181587564747301 -0.1144243957663379 -0.05738335518053362 0.04390383607611464 -0.00339438872033965 -0.08732782238520971 0.002249390776935881 0.04757936904616492 -0.08632258768066288 -0.1176715274602766 -0.01327859014923892 0.01870382551299891 -0.03026199843412596 -0.05611691371093767 -0.05179932361972096 0.01003420332875866 0.05001245258780343 -0.007739372908286339 -0.06712279891203776
 -0.8797613855762103 -0.9694253224942977 -0.7058988804028818 -0.3048529012742826 -0.148309490059452 -0.1246598960063321 -0.1830567874770677 -0.2969565396888015 -0.3133904874958127 -0.2094609308853437 -0.1760486452385268 -0.2722511800820177 -0.2505256435192614 -0.09555219428710658 -0.1244844626830962 -0.2674001657163123 -0.246704997506849 -0.1464525262474521 -0.1520224047856973 -0.1814152428067298 -0.143141064196474 -0.1202883713818288 -0.1408807538081401 -0.1376464383248737
 -0.8497187954585127 -0.8879679695696411 -0.545264773373908 -0.1521653851539073 -0.05182492372643098 -0.01506888104079898 -0.02094305018627904 -0.0387055290532376 0.01440802014697914 0.0503105664888333 -0.03927240734045236 -0.07777380865338533 -0.0005654612696233119 0.03451969887617369 -0.01918800591084845 -0.02693371599214391 0.01955340941711564 0.04750297599907295 0.02734214003767765 0.0005146791877833881 -0.0271664985462992 -0.03499875214148551 -0.02297877678020667 -0.007469542190166738
 -1 -0.5400257331893635 -0.1261829787621962 -0.05026537257635121 -0.09730580957771275 -0.03096388560596687 -0.02406634425940737 0.003415184104312256 0.0004199624444970097 -0.0580283875023021 -0.01329326600195523 0.04470491776285667 -0.0325150578556838 -0.04567176635744268 0.02979920764475491 0.01982943887590953 -0.01788296126051256 -0.004760887478009954 0.006825965868936946 0.01333090084071679 -0.002217950902499664 -0.01973882171911581 0.007671342934399055 0.02131097459379199
 -1 -0.8441106084691141 -0.3549659167776514 -0.03732374396455877 0.1117255681556479 0.1476584378056977 0.06628322478731312 -0.06647874991044668 -0.0807504370978166 -0.04189229519816525 -0.01192216901046115 0.01336647513665459 0.03092489780063047 -0.007551657689191723 -0.03498040236867517 -0.006572567801197668 0.02164404179138466 0.01328801660124229 0.008976064098960929 -0.001015351556591475 -0.0212778565824991 -0.01827924635223603 -0.00495258013345226 -0.007124677982916448
 -1 -0.8083812380447687 -0.3432558594445063 -0.1735006824004001 -0.185627750772234 -0.01591996210738857 -0.001841050534057284 -0.1422731095894122 -0.1054322991126447 -0.03481758324045717 -0.0603224376869706 0.01962251812863516 0.1500045995680102 0.09701059667203271 -0.01784651620890483 -0.03304548872550134 -0.02182419406503098 -0.05109355485835501 -0.0359702143656497 -0.002235355249011147 -0.008923538736056391 -0.04283088565024194 -0.03313561913828739 0.006325371971657731
 -1 -0.5231712334271227 -0.04470534201102885 -0.09107172276420344 -0.1081469573585861 -0.005375743894420172 0.02009743533726852 -0.009761966743101464 -0.0318159272947228 0.01416196837253392 0.001358097714059328 -0.01830045025027954 -0.009452666745906549 -0.006414591542933426 -0.003010022751386528 -0.01222888701900433 -0.009790772024198559 0.004933278992927826 -0.007294106352196432 -0.007239484137314759 0.001779574991720143 -0.00296109279535466 -0.003871658292389364 -0.001511346227249282
 -0.9597623490861394 -0.8256233733700352 -0.3525122636010073 -0.1121693961538336 -0.2228449046067236 -0.08184069342530383 0.07414673598745269 -0.03326695363139773 -0.1732521551376993 -0.1236535668034208 -0.05322707056356239 -0.054810163975471 -0.02187343625799312 0.01537036238357768 -0.008238328270434437 -0.0512893056186933 -0.0370756853115215 -0.0006328769632826989 0.01979493312680411 0.01960766009995052 0.005048643049026713 -0.01320597693638394 -0.01705569046052207 -0.02773512020432319
 -0.8463198431560239 -0.9433473420570103 -0.435948544015722 -0.189094703958374 -0.1232060560892588 -0.01342375958642095 -0.002099565309225855 0.05293094403876592 0.07023659120841311 -0.005268233974095902 -0.01232895830461674 -0.01293601409636016 -0.05018358934650551 -0.03937765338899821 -0.01981572053370587 0.001763978013282185 0.02122083712926849 0.0169329787542765 0.007142663907688157 0.007754038662810761 -0.01248664512921505 -0.02254166926771134 -0.0222402667135262 -0.02639819334856848


