# Created by Octave 4.0.3, Tue Apr 14 12:49:11 2020 BST <s1803949@james17.inf.ed.ac.uk>
# name: CM
# type: matrix
# rows: 10
# columns: 10
 0 10 8 0 0 1 4 45 1 0
 0 410 1 0 0 10 2 4 0 0
 0 24 47 0 0 0 1 0 3 0
 0 5 0 2 0 24 0 0 0 1
 0 5 0 0 0 0 6 49 0 0
 0 0 0 0 0 96 0 0 0 0
 0 0 0 0 0 0 29 2 0 0
 0 0 0 0 0 0 0 15 0 0
 0 0 0 0 0 0 0 0 21 0
 0 1 0 0 0 11 0 0 0 3


