# Created by Octave 4.0.3, Tue Apr 14 12:49:10 2020 BST <s1803949@james17.inf.ed.ac.uk>
# name: CM
# type: matrix
# rows: 10
# columns: 10
 0 10 7 0 0 0 6 44 2 0
 0 409 0 0 0 12 4 2 0 0
 0 17 49 0 0 0 1 0 8 0
 0 10 0 2 0 18 1 0 0 1
 0 7 0 0 0 0 4 49 0 0
 0 0 0 0 0 96 0 0 0 0
 0 0 0 0 0 1 28 1 1 0
 0 0 0 0 0 0 0 15 0 0
 0 0 0 0 0 0 0 0 21 0
 0 3 0 0 0 4 2 0 0 6


