# Created by Octave 4.0.3, Tue Apr 14 10:46:15 2020 BST <s1803949@james17.inf.ed.ac.uk>
# name: CM
# type: matrix
# rows: 10
# columns: 10
 18 0 8 0 0 0 0 43 0 0
 0 419 1 0 1 5 0 0 0 1
 12 5 54 3 0 0 0 0 1 0
 0 10 0 9 0 8 1 0 0 4
 0 4 0 0 1 0 4 46 5 0
 0 0 0 0 0 94 0 2 0 0
 0 0 0 0 0 0 24 6 1 0
 0 0 0 0 0 0 0 15 0 0
 0 0 0 0 0 0 0 0 21 0
 0 3 0 0 0 8 1 0 0 3


