# Created by Octave 4.0.3, Tue Apr 14 15:32:16 2020 BST <s1803949@james17.inf.ed.ac.uk>
# name: Ms
# type: matrix
# rows: 10
# columns: 24
 -0.977205735459461 -0.685704628214133 -0.316396715028172 -0.1214358468263063 -0.100233629724502 -0.06459150377084116 -0.01732474829549802 -0.08831752532491424 -0.1186777043986052 -0.01271960362091984 0.000191086694561927 -0.1016706088424946 -0.1013997569595714 0.0009600961764812053 0.02586978139095987 -0.02442077593679513 -0.04968472641783488 -0.0582193431027755 -0.05847925870164489 -0.02481189504849332 0.008808731833800119 -0.003010209858045252 -0.03301554678572936 -0.03186537243770018
 -0.9935746493467281 -0.8598337264129495 -0.5227491310853211 -0.1732997111454637 -0.1553019600356599 -0.1199022586780869 -0.1159916690023408 -0.0576118752515352 0.04502580800896183 -0.001926080036290003 -0.0859662910361858 0.003583963272247827 0.0486289622959127 -0.08595882686132829 -0.1182375685029488 -0.01369810385395994 0.01846184016046507 -0.03095401865813258 -0.05644592904904202 -0.05095508594320178 0.01087663108103672 0.04999717396510057 -0.007866737417981129 -0.06724720338866261
 -0.8688900469537234 -0.971256242128606 -0.7061601567947628 -0.3092930158141216 -0.1573370377330164 -0.127414754223733 -0.1834553089359959 -0.3035344927415951 -0.3235656635865761 -0.2167521469681771 -0.1754462351818859 -0.2692617453292144 -0.2503403240349844 -0.09676001972063904 -0.1272332102709419 -0.2690093307606026 -0.2447372184276834 -0.1448701234074104 -0.1550540863044812 -0.1858454043114107 -0.1451189646388074 -0.1204599745076274 -0.142509482172662 -0.1405922699077126
 -0.8442648810987178 -0.8833117329004404 -0.5410914984184603 -0.150182671763078 -0.05567636541738489 -0.0244567710252856 -0.02943814529777086 -0.04031686628165899 0.01618049589103942 0.04626729344901534 -0.04410044914540661 -0.07440031471713375 0.005433024712937084 0.03248627051277048 -0.02452028040034115 -0.02652701502955914 0.02428328057691307 0.05090849937632197 0.02777029760119811 -0.00210212555735607 -0.0286400697553436 -0.03114393013382778 -0.01826405248905704 -0.008680717196564637
 -1 -0.5408359487404708 -0.1273614980070137 -0.05172727768066036 -0.09926581958550698 -0.03200818845018187 -0.02399785054931662 0.002226529177174342 -0.0002898775023887959 -0.05746349071667829 -0.01368570610348331 0.04339294422103281 -0.03292250321734905 -0.04575552702812342 0.02962747943596725 0.02028153921842129 -0.01751067901535727 -0.004790526182385751 0.007045857913854123 0.01364949402320165 -0.002097745952737335 -0.02004520561069477 0.00795877150757557 0.02197037619975355
 -1 -0.8430875540824166 -0.3533759432517788 -0.0360860104362414 0.1119097739679105 0.1472175552737236 0.06620620248732212 -0.06609417510884716 -0.08017383492516859 -0.04185184272645154 -0.01251860257054978 0.01296344500388831 0.0298285394361452 -0.008224295957887892 -0.03471509641318836 -0.006483784552998998 0.02123527179820597 0.01322916948491086 0.009131754254651719 -0.00112975106340218 -0.0213867265665006 -0.01818393736402733 -0.004717255113854154 -0.006932122579017486
 -1 -0.8091513815299012 -0.3459574905509543 -0.1773972587363921 -0.1830787400962544 -0.01094890136428761 0.002186956967852839 -0.1355235425247528 -0.09624162985602282 -0.02996083321135455 -0.06393015392035307 0.0125971704278198 0.1403287405374805 0.09220827053059341 -0.01747237976640121 -0.03285702579024807 -0.02301119117843771 -0.05120773876290964 -0.03393892350362854 -0.001386723575679975 -0.009306933889774213 -0.04110332554651957 -0.03041534355581386 0.007014513111733386
 -1 -0.5199410887553895 -0.03704375816957186 -0.07797325469332103 -0.1042212367783827 -0.0009777286227544994 0.02444243466030962 -0.008711728370049261 -0.03285035794195136 0.01411031496589504 0.002170931972276787 -0.01997965009409056 -0.009851493132591279 -0.007441282807822903 -0.002961537930816268 -0.01251570564439691 -0.01006676030624529 0.004543793708190873 -0.007944030810757449 -0.005894559889139491 0.002223867151360243 -0.003440276067855739 -0.003421282162540419 -0.0009837417347457419
 -0.9555869363493644 -0.8234039748629272 -0.3532768633476974 -0.1110664651172748 -0.2188981658542074 -0.07933528526461489 0.07675607233831992 -0.0313870317419077 -0.1745745288993228 -0.1270934484459622 -0.05523298928104859 -0.05343095719939838 -0.02045772533378749 0.0162619223631336 -0.007019767492601593 -0.04989096020032273 -0.0354784350104616 -0.0001443255928783201 0.01895340858370071 0.01848026674445083 0.005387831403148406 -0.01045108040085689 -0.01418458031531883 -0.02722181338357424
 -0.8221498803783933 -0.9551030564840129 -0.4613314690311312 -0.2230149651202425 -0.1553715995418741 -0.03436533893910574 -0.01721955919265966 0.04011203377137601 0.05945948414947645 -0.005360175435361469 -0.001652725538539063 -0.001001682374862418 -0.04082089074224939 -0.03253546448994391 -0.01841501753977305 -3.828799965514953e-05 0.01803691962341119 0.01329516879104502 0.007195601284699166 0.008516746139166536 -0.01388317696759285 -0.02555031788256242 -0.02668212268926408 -0.0291565839428679


