# Created by Octave 4.0.3, Tue Apr 14 10:46:16 2020 BST <s1803949@james17.inf.ed.ac.uk>
# name: CM
# type: matrix
# rows: 10
# columns: 10
 0.005361305361305362 0.0002331002331002331 0.001398601398601399 0 0 0 0.0009324009324009324 0.007925407925407925 0 0.0002331002331002331
 0 0.09743589743589744 0 0 0.0002331002331002331 0.001631701631701632 0 0.0002331002331002331 0 0
 0.001398601398601399 0.002797202797202797 0.01212121212121212 0.0009324009324009324 0 0 0.0004662004662004662 0 0.0006993006993006993 0
 0 0.002097902097902098 0 0.002797202797202797 0 0.002097902097902098 0.0002331002331002331 0 0 0.0009324009324009324
 0 0 0 0 0.0004662004662004662 0 0.0009324009324009324 0.01282051282051282 0 0.0002331002331002331
 0 0 0 0 0 0.02261072261072261 0 0 0 0
 0 0 0 0 0 0 0.006060606060606061 0.0006993006993006993 0.0004662004662004662 0
 0 0 0 0 0 0 0 0.004195804195804196 0 0
 0 0 0 0 0 0 0 0 0.004662004662004662 0.0004662004662004662
 0 0 0 0 0.0002331002331002331 0.001631701631701632 0 0 0 0.002331002331002331


