# Created by Octave 4.0.3, Tue Apr 14 15:31:45 2020 BST <s1803949@james17.inf.ed.ac.uk>
# name: CM
# type: matrix
# rows: 10
# columns: 10
 13 1 9 0 0 0 1 45 0 0
 0 422 1 0 1 2 1 0 0 0
 9 6 58 1 0 0 1 0 0 0
 0 5 0 4 0 11 2 0 0 10
 0 4 0 0 0 0 6 49 0 1
 0 0 0 0 0 96 0 0 0 0
 0 0 0 0 0 0 29 2 0 0
 0 0 0 0 0 0 0 15 0 0
 0 0 0 0 0 0 0 0 20 1
 0 1 0 0 2 9 0 0 0 3


