# Created by Octave 4.0.3, Tue Apr 14 15:32:22 2020 BST <s1803949@james17.inf.ed.ac.uk>
# name: CM
# type: matrix
# rows: 10
# columns: 10
 65 0 4 0 0 0 0 0 0 0
 0 423 1 0 0 0 0 1 0 2
 0 0 71 2 0 0 1 0 5 0
 2 4 0 25 1 0 0 0 0 3
 1 0 0 0 61 0 0 0 0 0
 0 0 0 0 0 97 0 0 0 0
 1 0 0 0 0 0 30 0 0 0
 0 0 0 0 0 0 0 18 0 0
 0 0 0 0 0 0 0 0 21 1
 0 0 0 0 2 0 0 0 0 16


