# Created by Octave 4.0.3, Tue Apr 14 15:32:23 2020 BST <s1803949@james17.inf.ed.ac.uk>
# name: CM
# type: matrix
# rows: 10
# columns: 10
 0.01515151515151515 0 0.0009324009324009324 0 0 0 0 0 0 0
 0 0.0986013986013986 0.0002331002331002331 0 0 0 0 0.0002331002331002331 0 0.0004662004662004662
 0 0 0.01655011655011655 0.0004662004662004662 0 0 0.0002331002331002331 0 0.001165501165501166 0
 0.0004662004662004662 0.0009324009324009324 0 0.005827505827505827 0.0002331002331002331 0 0 0 0 0.0006993006993006993
 0.0002331002331002331 0 0 0 0.01421911421911422 0 0 0 0 0
 0 0 0 0 0 0.02261072261072261 0 0 0 0
 0.0002331002331002331 0 0 0 0 0 0.006993006993006994 0 0 0
 0 0 0 0 0 0 0 0.004195804195804196 0 0
 0 0 0 0 0 0 0 0 0.004895104895104896 0.0002331002331002331
 0 0 0 0 0.0004662004662004662 0 0 0 0 0.00372960372960373


