# Created by Octave 4.0.3, Tue Apr 14 02:31:27 2020 BST <s1803949@james17.inf.ed.ac.uk>
# name: MinDims
# type: matrix
# rows: 4
# columns: 1
 3
 5
 7
 10


