# Created by Octave 4.0.3, Tue Apr 14 10:46:15 2020 BST <s1803949@james17.inf.ed.ac.uk>
# name: CM
# type: matrix
# rows: 10
# columns: 10
 15 1 7 0 0 0 2 44 0 0
 0 419 0 0 2 3 1 1 0 1
 6 6 59 0 0 0 1 0 3 0
 0 9 0 5 0 11 1 0 0 6
 0 7 0 0 3 0 3 47 0 0
 0 0 0 0 0 95 0 1 0 0
 0 0 0 0 0 0 28 1 1 1
 0 0 0 0 0 0 0 15 0 0
 0 0 0 0 0 0 0 0 20 1
 0 2 0 0 1 0 0 0 0 12


