# Created by Octave 4.0.3, Tue Apr 14 10:46:14 2020 BST <s1803949@james17.inf.ed.ac.uk>
# name: CM
# type: matrix
# rows: 10
# columns: 10
 19 0 3 0 0 0 2 45 0 0
 0 416 1 0 6 4 0 0 0 0
 7 5 57 3 0 0 1 0 2 0
 0 7 0 10 0 7 0 0 0 8
 0 3 0 0 3 0 4 48 0 2
 0 0 0 0 0 96 0 0 0 0
 0 0 0 0 0 1 26 3 1 0
 0 0 0 0 0 0 0 15 0 0
 0 0 0 0 0 0 0 0 19 2
 0 0 0 0 1 0 0 0 0 14


