# Created by Octave 4.0.3, Tue Apr 14 12:49:11 2020 BST <s1803949@james17.inf.ed.ac.uk>
# name: CM
# type: matrix
# rows: 10
# columns: 10
 0 20 6 0 0 0 5 34 4 0
 0 409 0 0 0 13 4 1 0 0
 0 29 37 0 0 0 1 0 12 0
 0 11 0 3 0 19 1 0 0 1
 0 1 0 0 0 0 4 56 1 0
 0 0 0 0 0 97 0 0 0 0
 0 0 0 0 0 0 26 3 2 0
 0 0 0 0 0 0 0 18 0 0
 0 1 0 0 0 0 0 0 21 0
 0 1 0 0 0 11 1 0 0 5


