# Created by Octave 4.0.3, Tue Apr 14 15:32:06 2020 BST <s1803949@james17.inf.ed.ac.uk>
# name: Ms
# type: matrix
# rows: 10
# columns: 24
 -0.9720607585156844 -0.6881916764507615 -0.3156370513183933 -0.1120918262166581 -0.09261372580117454 -0.06270399024352892 -0.01861629370485427 -0.09444818354755605 -0.1268864311428811 -0.01602810990791884 -0.0006406031903545142 -0.1069429092856733 -0.1107802522704241 -0.008601820575096083 0.01844522122077089 -0.03194218293968217 -0.05738120047814354 -0.0637724010904562 -0.06322565058901987 -0.02963691360083362 0.005889374301974342 -0.004983539537147705 -0.03592397209738492 -0.03476300524993813
 -0.9932850650600236 -0.8595612131205171 -0.5219673666994684 -0.1718501766204114 -0.1535451362158346 -0.1182739003707808 -0.1153715270717508 -0.05850342668542255 0.04319230806132988 -0.004413244377157587 -0.08776472633453755 0.002611472374625494 0.04772642672157392 -0.0861469237492868 -0.1172206460529989 -0.01269042973128291 0.01905729815561563 -0.03045288349481083 -0.05635977505699418 -0.0516171815114754 0.01014556275466003 0.04957769460058848 -0.008342662533989829 -0.06698785085341542
 -0.8660184818757585 -0.9713219514623358 -0.710113942299602 -0.3118266150288259 -0.1553062429092239 -0.124684209171175 -0.1799171828149169 -0.2967015904765863 -0.3171824566118913 -0.2146286191883487 -0.1788544940821857 -0.2710022666552721 -0.2443064539336122 -0.09097233059123214 -0.1236678620327303 -0.2646113984055224 -0.2424100955526647 -0.1456125211807965 -0.1549736003410271 -0.1828885939729386 -0.1424243683555091 -0.1199429246636384 -0.1409134882150941 -0.1371083844270365
 -0.8815786543282045 -0.8849922823734512 -0.5382953636866852 -0.1451803626595554 -0.04649978106283872 -0.01593722000009046 -0.02454257599780793 -0.04170850454515576 0.008778409936050991 0.0476036379155717 -0.03646777541118915 -0.07585217229255697 -0.001564897959104714 0.03586844999014907 -0.01766425924892456 -0.0295123689738675 0.01329717567776575 0.04304466522016705 0.02683441049479618 0.002518272756174022 -0.02678763464816719 -0.0379104434171563 -0.02670006635546565 -0.008927667257081733
 -1 -0.5418971621855232 -0.1292890811987686 -0.05015331637639234 -0.09666149079735235 -0.03029013841221741 -0.0232519961302188 0.004130373948325459 0.001630532043029562 -0.05771664315515544 -0.01332460364932943 0.04380422614347328 -0.03415148751034353 -0.04641227795554526 0.0292395184017186 0.01976302658161454 -0.01766298152817865 -0.004462988880803044 0.007063124643777758 0.01339334867724912 -0.002012506514752473 -0.01924071703180965 0.008884620438042442 0.02254038972607782
 -1 -0.8443092797689243 -0.3542509255491507 -0.03643468439958453 0.1126427802467248 0.1486671851819394 0.06716336874134457 -0.06579241107119042 -0.08068254079414117 -0.04254696751388572 -0.01285791685762496 0.01277903977071349 0.03055567568666981 -0.00741367013548924 -0.03454000490682305 -0.006371053010065908 0.02142421060670733 0.01318229094257309 0.009043171542278423 -0.001207388103029725 -0.0215188584592901 -0.01813927637871834 -0.004587162352969187 -0.007015350550004775
 -1 -0.810539474639101 -0.3465817474765993 -0.1771329847651376 -0.183565437525551 -0.01205563469453251 0.0004353268094424709 -0.1382629784818145 -0.100757770468479 -0.03321825570225651 -0.06314997884987829 0.01565320807299001 0.1442406020816534 0.09349847521153666 -0.01736374379024993 -0.03235850997844176 -0.02267666953548439 -0.05129238179738396 -0.03402451302907572 -0.001923630516764619 -0.009987353000378996 -0.04204161622976366 -0.03222137998164828 0.00592212242753486
 -1 -0.5275777214538183 -0.04020834438805245 -0.07923366677999562 -0.1090304724437225 -0.005483690014078627 0.02393045880936762 -0.007655863608047357 -0.03437824953064451 0.01305505431229408 0.004100876706275563 -0.01767825913765729 -0.01046261595665169 -0.006857192405675615 -0.001204991209457413 -0.01272598413098811 -0.01121077724319771 0.00593289879017497 -0.007487413785521635 -0.007085972979452728 0.001785232229990871 -0.003371094543608726 -0.003415567055991641 -0.0009222243151080665
 -0.9678479024624912 -0.8158727089234833 -0.3470405050041062 -0.1114462799479084 -0.2183181182994808 -0.07586811396432606 0.07674745194793847 -0.03278439009631889 -0.1750969460645456 -0.1261109079060437 -0.0555121113408403 -0.0556335408278151 -0.02103823672146676 0.01846534331354996 -0.004990616763930204 -0.05037368591400625 -0.03726278255307656 -0.00121742540572433 0.01939739010688532 0.01986684949125549 0.00622739258269629 -0.01161817578501836 -0.01524405498129131 -0.02660274616810687
 -0.8685675568611609 -0.9413048170574135 -0.4271104934359464 -0.1880967633416961 -0.1273698434444372 -0.03177896844470862 -0.01736359367573544 0.04266213548153929 0.05898654807713467 -0.009550841241464783 -0.008485766368387264 -0.003451772583239452 -0.03751012922602143 -0.031551767446797 -0.01636235141359453 0.003069784750998246 0.0195810464456707 0.01328342970533198 0.003552081797710196 0.005079330831515996 -0.0133309906524173 -0.0222033424202574 -0.02224928988564902 -0.02583421681434016


