# Created by Octave 4.0.3, Tue Apr 14 12:49:09 2020 BST <s1803949@james17.inf.ed.ac.uk>
# name: CM
# type: matrix
# rows: 10
# columns: 10
 0 11 2 0 0 0 6 45 5 0
 0 415 0 0 0 8 1 3 0 0
 0 25 47 0 0 0 0 0 3 0
 0 10 0 5 0 14 0 0 0 3
 0 4 0 0 0 0 5 51 0 0
 0 0 0 0 0 96 0 0 0 0
 0 0 0 0 0 1 26 3 1 0
 0 0 0 0 0 0 0 15 0 0
 0 0 0 0 0 0 0 0 19 2
 0 1 0 0 0 4 1 0 0 9


