# Created by Octave 4.0.3, Tue Apr 14 12:49:10 2020 BST <s1803949@james17.inf.ed.ac.uk>
# name: CM
# type: matrix
# rows: 10
# columns: 10
 0 14 8 0 0 0 2 43 2 0
 0 407 0 0 0 16 4 0 0 0
 0 32 41 0 0 0 0 0 2 0
 0 7 0 3 0 20 1 0 0 1
 0 3 0 0 0 0 10 47 0 0
 0 0 0 0 0 94 0 2 0 0
 0 0 0 0 0 0 24 6 1 0
 0 0 0 0 0 0 0 15 0 0
 0 0 0 0 0 0 0 0 21 0
 0 2 0 0 0 8 2 0 0 3


