# Created by Octave 4.0.3, Tue Apr 14 15:32:13 2020 BST <s1803949@james17.inf.ed.ac.uk>
# name: Ms
# type: matrix
# rows: 10
# columns: 24
 -0.9771471684932584 -0.684244129098672 -0.3103588963858902 -0.1126319645363521 -0.09472722635119397 -0.06089211844736327 -0.0134403760574882 -0.08706266158429254 -0.1210321259111343 -0.01498437190472838 -0.001178966747115694 -0.1031215878432032 -0.1034499778626911 -0.001036380423171994 0.02357860930754477 -0.02899565722307586 -0.05434028245593511 -0.0612712678385678 -0.06080958833203178 -0.02670575214045337 0.008234793323705887 -0.002715966452080811 -0.03326641308372664 -0.03294195372820408
 -0.9935338265372341 -0.8595764717970007 -0.5235330603492873 -0.174505934741973 -0.1554040306266247 -0.1196899644089234 -0.1161734255369414 -0.05854388273859884 0.04357597042033459 -0.003066170721221315 -0.08631144400915707 0.003214310030259547 0.04851245228849492 -0.08505010579890242 -0.1166861938838605 -0.01266733093483919 0.01942525878978738 -0.02965417192198204 -0.05540770756993375 -0.05082226966287203 0.01099148276612973 0.05111005404313858 -0.006779195837254924 -0.06670874146762865
 -0.8620403493662749 -0.9720495817582888 -0.7026859650593537 -0.3109369127021827 -0.16779369721055 -0.1308381086515355 -0.1739016926926693 -0.2984788030309831 -0.3320282204834732 -0.2270134235186585 -0.1817229218970944 -0.2747615673283402 -0.2548863301959967 -0.1006979090732747 -0.134843196805352 -0.2764280446781877 -0.2466809571429351 -0.14540821284332 -0.1592799796607062 -0.1907050625060061 -0.148250253036921 -0.1222327343058466 -0.1454909981381988 -0.144501851865334
 -0.8578716008044083 -0.8913741234462617 -0.5435435650772074 -0.1475922528127527 -0.04810155929949912 -0.0129079069488483 -0.02177019119811198 -0.03794210075821778 0.0167587268280843 0.0507044197020729 -0.04064345349986345 -0.07609830211122508 0.001835265133086351 0.030337242613309 -0.02602949883749437 -0.02954897658948114 0.02013494630340855 0.04807347631639294 0.02852911958192043 -0.0004859181655683788 -0.02760057347896234 -0.03149005608331559 -0.01904816332096923 -0.008370623225514439
 -1 -0.537980877061399 -0.1246314764341873 -0.04888055082899884 -0.09647755715095779 -0.03045169564304499 -0.02253929161660185 0.005582926763507697 0.002284645330884043 -0.05747201636975727 -0.01261236505183321 0.04554143264986853 -0.03347888538420093 -0.04683981662807875 0.02951662331831992 0.0194940091460338 -0.01921625901885305 -0.005336917295275967 0.007165495348160749 0.01376821148404434 -0.002019649950609586 -0.01961401769869921 0.008143347250617104 0.02124507029416007
 -1 -0.8475325733707192 -0.3556605357674595 -0.03570570562523781 0.1143668518684985 0.1499372080324606 0.06726596541228941 -0.06681982160533544 -0.08121515337946882 -0.04268208696723113 -0.01280666516019054 0.01262642036289547 0.03080087595623264 -0.007413314393827555 -0.0347707744670015 -0.006692625279931068 0.021663545748207 0.01353788987368595 0.009392019256395179 -0.0009232442936031885 -0.02170225530826791 -0.01850908031284212 -0.004836743165650599 -0.007062817953768751
 -1 -0.81695682489862 -0.3479571713564499 -0.1755277397320415 -0.1848358191162328 -0.01268529914395763 -0.00142617342519477 -0.1422429152538222 -0.1026541481905697 -0.03339170079884225 -0.06418874017068256 0.01703767513243314 0.1488766889008865 0.09499578639929546 -0.02114666672160942 -0.03581750125585811 -0.02434131843378529 -0.05145845529513408 -0.03360400924548899 -9.114618682537091e-05 -0.008468139662628448 -0.04323192679158125 -0.03396148323161122 0.006023238365402544
 -1 -0.5279459354868135 -0.04624920226207532 -0.09007271355139829 -0.109810031943964 -0.005106368554950099 0.02133564326544887 -0.01006101452921531 -0.03386084503726223 0.01388407501558362 0.002246661114031492 -0.01843768256193237 -0.01061138234408267 -0.007119467135189523 -0.001466972071248335 -0.01295372786237699 -0.01085218513290129 0.005993633137646177 -0.006835897075706529 -0.00725712606163265 0.001422489233566002 -0.002471015170267893 -0.003163121443360554 -0.002264281766519451
 -0.9605947506155023 -0.8175419715557051 -0.3508946208253473 -0.109122709653367 -0.2136907420638303 -0.08070503709567053 0.07137210656483174 -0.02768973372916115 -0.1629513729709151 -0.1164432624760091 -0.04690690918767584 -0.04871192679463234 -0.0217127008869108 0.01532246127705631 -0.003906066551291979 -0.04572658362477362 -0.03181333870583077 0.003613565679896406 0.02293600789344773 0.02240611612187555 0.007190413617765897 -0.01234234135849187 -0.01618042682437317 -0.02472488636368646
 -0.8237348321802902 -0.9535706439084253 -0.4611846603215851 -0.2127811491966075 -0.1411278361126732 -0.01857471637366599 -0.001459289497300714 0.05133681315088416 0.0699989128689163 -0.003065513975662026 -0.006892194057242423 -0.008467056604763004 -0.04817225127684141 -0.03738550902293569 -0.01956248887857009 0.001000681367851991 0.021310681498485 0.01598579289944226 0.008467157120718905 0.008980633473721068 -0.01343677768843548 -0.02494780423998021 -0.02479676744715723 -0.02688531690310991


