# Created by Octave 4.0.3, Tue Apr 14 12:49:11 2020 BST <s1803949@james17.inf.ed.ac.uk>
# name: Ms
# type: matrix
# rows: 10
# columns: 24
 -0.9770213899011511 -0.6700547063902174 -0.2892826470629647 -0.100558899149589 -0.09011492925967282 -0.05774009022480463 -0.00922791507306144 -0.08074063871522086 -0.1154870351531085 -0.01388204493980537 -0.00197076893591624 -0.1006280247180895 -0.09977172278997973 -0.003700554000680241 0.01597303459566984 -0.03280449249857451 -0.05365068972299703 -0.05912558958942065 -0.05905464342006289 -0.02667887347570961 0.005437705135265681 -0.006067033796098556 -0.03270710554262069 -0.02822352427295116
 -0.9938945028652886 -0.8572823901241963 -0.5214317498320271 -0.172903312804987 -0.1528018979342605 -0.117441169053578 -0.1141304174545678 -0.05774066150258216 0.04268899855516761 -0.004400189498486019 -0.08778028811124992 0.002042792824658632 0.04845235107979348 -0.08489020214251561 -0.1173514316945527 -0.01335333065079976 0.01911982097258323 -0.02950818870959125 -0.05534603512623013 -0.05161227828791018 0.009269272550941321 0.04944720302921234 -0.007817765256730941 -0.06722512757439186
 -0.8645089342508069 -0.9725354982042929 -0.7048094415002871 -0.3094822976227147 -0.1631819226520723 -0.1346939998399084 -0.1868823422342682 -0.3042591862834899 -0.3288499533215487 -0.2224286825077316 -0.1802052513914082 -0.2797226510317512 -0.2622125207594085 -0.1006287869054924 -0.128442877293138 -0.2743120176578906 -0.2527061908140677 -0.1522297334728306 -0.1607224925519125 -0.1890796119315784 -0.1480526076204839 -0.1252244488743176 -0.1492369697962144 -0.1462574433633639
 -0.8633431402704436 -0.88333513703649 -0.5375589225251785 -0.1449037956682342 -0.04499627043672191 -0.009252470493257845 -0.01953256918655706 -0.03928785382767585 0.01668330116705568 0.0524959158619888 -0.04110892720032323 -0.07905532793381792 0.000298513635921998 0.03031579762723648 -0.02748339312086477 -0.0306495763194894 0.02008187306967775 0.05061575026989487 0.031145600999915 0.001203130100289339 -0.02799821167985518 -0.03168471316491857 -0.01798410478324387 -0.006568964380490145
 -1 -0.5488936512182128 -0.1414094849992357 -0.059039405437996 -0.1031358900023688 -0.03775220861167012 -0.03086910960397643 -0.001486144896122677 -0.001557691675734793 -0.05987349871001753 -0.01466331442058778 0.04608234011500383 -0.03206226933499301 -0.04587082442474288 0.03247105611785048 0.0230762554851056 -0.01613212495251848 -0.002816385554288307 0.007417858020902871 0.01321162224079888 -0.00163419717765457 -0.02010224862712865 0.007569864160942855 0.02223163401502646
 -1 -0.8437719046025264 -0.3546234291057745 -0.0359302102204381 0.1127795127292219 0.1478808814030475 0.06653822810575487 -0.06624715866676224 -0.08043762310590791 -0.0414996939202783 -0.01222190123201609 0.01345947133306707 0.0304872902377596 -0.008164616546274327 -0.0353737348418221 -0.007234517165619556 0.02116132742202761 0.01345612965170171 0.009189800612202816 -0.001126846522676286 -0.02149746423007881 -0.01852769554919756 -0.004697281762427791 -0.006868655202242772
 -1 -0.8087766060613162 -0.3448774829397396 -0.1767190603787249 -0.1857904089175351 -0.01614386863718617 -0.003441606461686437 -0.139132219442074 -0.09935987082988652 -0.02955830973246764 -0.06011111935862171 0.0164593620137145 0.1459582438889785 0.09540276061146136 -0.0174647135510065 -0.03258496406462505 -0.02134100752779785 -0.04994420612539278 -0.03411067378830931 -0.002713742189879671 -0.01132624690065719 -0.04342533937323691 -0.03201367445768356 0.007432280206376898
 -1 -0.5249789451004337 -0.0387220885958448 -0.08511131709067626 -0.1049732075401312 -0.0003477677885283415 0.02500013171262792 -0.007071943369159177 -0.03129660512056751 0.0160126235581853 0.003860916290746202 -0.01841535254998249 -0.008607488291879772 -0.005903488688865303 -0.003095101334621594 -0.01231665564443855 -0.009953683580314296 0.004409475365538921 -0.00785935802463259 -0.005938543470725477 0.001718891635801391 -0.003931722675004259 -0.004107757084487755 -0.001766294778437691
 -0.9613292617238424 -0.8219551742796447 -0.3494541454114103 -0.106735701470714 -0.2162523695193084 -0.07560429597485749 0.07897280140116184 -0.02927236004992804 -0.1712495300911219 -0.1242916054824605 -0.054597760351375 -0.05366484317818151 -0.0195445434998742 0.01724788372669852 -0.007037363050892019 -0.05109672567121081 -0.03782893406733778 -0.001132753390194768 0.01998029573838311 0.0205016850539733 0.005888147819324334 -0.01241356486291824 -0.01570987685582063 -0.0270284598566165
 -0.8246615718856454 -0.9463741210894057 -0.4351555421072077 -0.2046875191076813 -0.1409781009262397 -0.04543836993742052 -0.02211755542869596 0.05102796768681053 0.06225490337690869 -0.01024367363262925 -0.006867617794898711 -0.001344505962076572 -0.0368934531359465 -0.03340910429516693 -0.02111066803172003 0.002451563111276612 0.01938663501685278 0.01223097130500975 0.007240468197484706 0.008950875669754024 -0.0121065335236911 -0.02279459277516274 -0.02596726944171905 -0.02999282215929179


