# Created by Octave 4.0.3, Tue Apr 14 01:38:15 2020 BST <s1803949@james17.inf.ed.ac.uk>
# name: R
# type: matrix
# rows: 24
# columns: 24
 1.000000000000063 -0.2606145259313765 -0.2609594926818795 -0.1817925183897763 -0.0931046065084733 -0.06372004175477379 -0.09795795320770473 -0.2880334702508699 -0.2670393073663014 -0.1680493035166959 -0.1530731632397503 -0.3585559383041893 -0.3152152708670204 -0.1676950712397621 -0.2534056081081137 -0.3900911474976118 -0.2246594573187481 -0.07144838472587971 -0.251741923888343 -0.3823486832500096 -0.4570262982638531 -0.4028143538392651 -0.3587978016140669 -0.2500142194947492
 -0.2606145259313765 1.000000000000005 0.8966749210848475 0.623935477514065 0.291563148868448 0.2843823293556285 0.4351593467245567 0.4840913108617688 0.1726359057451864 0.1116493479106461 0.366024092525421 0.2870940916819923 0.1115470535599907 0.2131598633706737 0.3939570588420699 0.3214093051823996 0.2323757500227384 0.3239749492010052 0.4094042246022442 0.4255373651419032 0.227648232112284 0.0428231566023741 0.2749105985196346 0.4577761380573644
 -0.2609594926818795 0.8966749210848475 0.999999999999999 0.8014514154925175 0.4004563511412708 0.4243702566052845 0.5682788431621587 0.5152563620049692 0.1507999766864497 0.1086118344976363 0.4639474234022755 0.3684601067903635 0.1556945977830096 0.2546815555596179 0.4291759808011239 0.3558992808961899 0.2614739442207389 0.3579058967978457 0.475509899883751 0.5004263344461051 0.2196736105615165 -0.03423357043821431 0.2416021651033271 0.4972285104714715
 -0.1817925183897763 0.623935477514065 0.8014514154925175 0.9999999999999989 0.6841040426625591 0.5372859734448032 0.5026955569689182 0.4747085839239517 0.26390304610149 0.2347880380833481 0.3806789543916927 0.3525880437488619 0.1878441821747665 0.08127289937645399 0.2202200190079974 0.3408984851218509 0.2944906635183028 0.3193088941189067 0.4140960696352483 0.4079265071613031 0.1733859749564227 0.001492879538233199 0.1890988178281421 0.3588593039149803
 -0.0931046065084733 0.291563148868448 0.4004563511412708 0.6841040426625591 0.9999999999999983 0.8475861147335588 0.4989075351607084 0.2298538075867713 0.06795009082307309 0.1472349145221954 0.2785625844999288 0.08077392031779038 0.03540580277160861 0.1942610496469252 0.2791948468421449 0.2119348351494556 0.1411364288662648 0.2068679321669533 0.34304978554017 0.318735124172571 0.02905615127018021 -0.1235557419790372 0.1166573439626263 0.3354760372308903
 -0.06372004175477379 0.2843823293556285 0.4243702566052845 0.5372859734448032 0.8475861147335588 0.9999999999999983 0.7998325170113691 0.3496698962452369 0.006568464202528378 0.06819176867136198 0.3103215276036853 0.1201291698134916 0.09097977664115552 0.3394524350562321 0.3510756585690468 0.2055649721400808 0.1685591689267777 0.2926583980037352 0.41665581469611 0.4038765070470342 0.08856039341332697 -0.1324764960044035 0.1459643368580513 0.4171366028089598
 -0.09795795320770473 0.4351593467245567 0.5682788431621587 0.5026955569689182 0.4989075351607084 0.7998325170113691 1.000000000000001 0.63177271495862 0.06953120312621446 0.04415876064137519 0.3525555112954324 0.2127974059327529 0.1566226120036863 0.3844995566456611 0.3620385812978617 0.2246089406344567 0.234825600571249 0.4043812913845086 0.4878076137158019 0.4794099885076338 0.2074058450589827 -0.03494999370248681 0.19815604808791 0.417344421743243
 -0.2880334702508699 0.4840913108617688 0.5152563620049692 0.4747085839239517 0.2298538075867713 0.3496698962452369 0.63177271495862 1.000000000000001 0.7459693139019548 0.5075785799432059 0.3520120645478894 0.6026991841486108 0.52923908084283 0.2208010855411177 0.2452054201172136 0.607488657325358 0.6265589533301904 0.5837961523252688 0.6269394440067438 0.6536064972552929 0.600261963242386 0.494041848256267 0.5761037958377381 0.5011361415395093
 -0.2670393073663014 0.1726359057451864 0.1507999766864497 0.26390304610149 0.06795009082307309 0.006568464202528378 0.06953120312621446 0.7459693139019548 1.000000000000003 0.8258714345225123 0.2563855442779425 0.6709403552462679 0.6866767332550655 0.0592606438490083 0.02218306295676586 0.6834964925426311 0.7270799853011142 0.4865183898474927 0.4771471014775069 0.5231628028889874 0.6473109435114083 0.7034215536537627 0.6683182080897019 0.4188350601057182
 -0.1680493035166959 0.1116493479106461 0.1086118344976363 0.2347880380833481 0.1472349145221954 0.06819176867136198 0.04415876064137519 0.5075785799432059 0.8258714345225123 0.9999999999999987 0.5654832007125639 0.5468321010518634 0.5632800434091425 0.193458082120129 0.1063108503269337 0.5715756061231041 0.6101741535303555 0.4098898291111111 0.4013835364530264 0.4588233315930325 0.5160782241884586 0.5400849659778756 0.6000806533581048 0.4682611848269828
 -0.1530731632397503 0.366024092525421 0.4639474234022755 0.3806789543916927 0.2785625844999288 0.3103215276036853 0.3525555112954324 0.3520120645478894 0.2563855442779425 0.5654832007125639 0.999999999999999 0.5492771065034304 0.2620356227994196 0.3300740878322747 0.4128634304327223 0.3940239057110743 0.3322708102470081 0.3327399591887674 0.3611314312570379 0.4268725852613161 0.2848047376002389 0.100527223924868 0.3152439294162361 0.4949720226999921
 -0.3585559383041893 0.2870940916819923 0.3684601067903635 0.3525880437488619 0.08077392031779038 0.1201291698134916 0.2127974059327529 0.6026991841486108 0.6709403552462679 0.5468321010518634 0.5492771065034304 0.9999999999999988 0.8549058347725437 0.2499467362684317 0.1672347464259764 0.7216194658537317 0.7517031596387449 0.5262937221015179 0.4889851559753495 0.5649574943799426 0.6461811385574899 0.5874746588634375 0.5933311705166248 0.4936011635938504
 -0.3152152708670204 0.1115470535599907 0.1556945977830096 0.1878441821747665 0.03540580277160861 0.09097977664115552 0.1566226120036863 0.52923908084283 0.6866767332550655 0.5632800434091425 0.2620356227994196 0.8549058347725437 1.000000000000003 0.4564986991320278 0.1144926824096519 0.6747824608191518 0.7703324917553933 0.5369910036107279 0.510137350030311 0.5578956749845951 0.6427247834782056 0.655014129405004 0.6710760234271116 0.5086009365241064
 -0.1676950712397621 0.2131598633706737 0.2546815555596179 0.08127289937645399 0.1942610496469252 0.3394524350562321 0.3844995566456611 0.2208010855411177 0.0592606438490083 0.193458082120129 0.3300740878322747 0.2499467362684317 0.4564986991320278 0.9999999999999966 0.7421665753683325 0.3696971702679187 0.2282827897784575 0.3219183616102044 0.5339119694359424 0.5743013763859266 0.2732609370569839 0.02605469508554143 0.3699774124188062 0.6367066695076067
 -0.2534056081081137 0.3939570588420699 0.4291759808011239 0.2202200190079974 0.2791948468421449 0.3510756585690468 0.3620385812978617 0.2452054201172136 0.02218306295676586 0.1063108503269337 0.4128634304327223 0.1672347464259764 0.1144926824096519 0.7421665753683325 1.000000000000002 0.5420396114612381 0.1560450174025935 0.2058365411882259 0.5192212416380017 0.647968875463128 0.3513402049780648 -0.03847135460928194 0.253847977849249 0.6120112592935384
 -0.3900911474976118 0.3214093051823996 0.3558992808961899 0.3408984851218509 0.2119348351494556 0.2055649721400808 0.2246089406344567 0.607488657325358 0.6834964925426311 0.5715756061231041 0.3940239057110743 0.7216194658537317 0.6747824608191518 0.3696971702679187 0.5420396114612381 1 0.8438485607171887 0.5687886548823424 0.6433901893357447 0.7730786699360982 0.8044891460872319 0.6424275547858702 0.6719606346628419 0.6250277894977534
 -0.2246594573187481 0.2323757500227384 0.2614739442207389 0.2944906635183028 0.1411364288662648 0.1685591689267777 0.234825600571249 0.6265589533301904 0.7270799853011142 0.6101741535303555 0.3322708102470081 0.7517031596387449 0.7703324917553933 0.2282827897784575 0.1560450174025935 0.8438485607171887 1.000000000000003 0.8128433465153143 0.6469903762683162 0.6225439432103688 0.6887946655258819 0.7087368311760069 0.73434758842256 0.5461148097944364
