# Created by Octave 4.0.3, Tue Apr 14 01:38:15 2020 BST <s1803949@james17.inf.ed.ac.uk>
# name: S
# type: matrix
# rows: 24
# columns: 24
 0.01301603589917488 -0.004503407923492533 -0.005940105374410673 -0.002496919790126247 -0.001311520525936817 -0.000844625183316692 -0.001285882247204432 -0.003686607050460458 -0.004253413309718769 -0.001799932928625621 -0.001247699122098266 -0.00429493713311877 -0.00445111527960686 -0.001527471797320366 -0.002494214883096206 -0.004390527403306227 -0.002390247651962113 -0.0005395070452552553 -0.001968366631672427 -0.003183414481933359 -0.003187390295592098 -0.003040536125223403 -0.002626277976210509 -0.001751507553652462
 -0.004503407923492533 0.02294069656765915 0.02709692470030491 0.01137711630096225 0.005452560414950608 0.005004428780775406 0.007583570804272125 0.008225742521400488 0.003650542861825333 0.001587595018977126 0.003960813709780176 0.004565497171480511 0.002091142495793532 0.002577640024165924 0.005147904270744992 0.004802561939237355 0.003282259626354953 0.003247731124326915 0.004249782447708062 0.004703652405082363 0.002107765387199463 0.0004291289741822737 0.002671445589165729 0.00425759539306473
 -0.005940105374410673 0.02709692470030491 0.03980735866793843 0.01925076966968908 0.009865098385037949 0.009837284324266005 0.01304563724649377 0.01153319320297416 0.00420054826597388 0.002034412738564341 0.006613355850306569 0.007718495892634072 0.003844832717519318 0.004056885101421224 0.007387463782146316 0.007005191626724322 0.004865068112380716 0.004726241086891457 0.006502080207061152 0.007286451135029496 0.002679256267061758 -0.0004518972920503913 0.003092673351772627 0.006091800041284605
 -0.002496919790126247 0.01137711630096225 0.01925076966968908 0.01449367214948882 0.01016894568224687 0.00751524814571586 0.006963320628982748 0.0064115173987012 0.004435643599777256 0.002653660866042886 0.00327430799157344 0.004456740226268046 0.002799040547117259 0.0007811753002943408 0.00228730609835891 0.004048792468238851 0.003306279566236251 0.002544283894909867 0.003416657169238059 0.003583978232516241 0.001276021134622834 1.189104008813454e-05 0.001460594227365391 0.002652902952017866
 -0.001311520525936817 0.005452560414950608 0.009865098385037949 0.01016894568224687 0.01524505895241639 0.0121589757720698 0.007087723172796436 0.00318390997807701 0.001171325558010523 0.001706693753771564 0.0024573033964218 0.00104711947876016 0.0005410796795209125 0.001914978128720027 0.002974063436133584 0.002581535662071349 0.001625109033232758 0.001690530707833276 0.002902904740551662 0.002872028192296788 0.0002193094410666143 -0.001009330386687729 0.0009241196133763331 0.00254351319150936
 -0.000844625183316692 0.005004428780775406 0.009837284324266005 0.00751524814571586 0.0121589757720698 0.01349886366820271 0.01069226690869696 0.004557759173579673 0.0001065455871317129 0.0007438079173101637 0.002575917524896508 0.001465404781223998 0.001308325168766152 0.003148770928889474 0.003519067524805129 0.002356182617925095 0.001826332353974575 0.00225047883639816 0.00331770013950134 0.003424454632861706 0.0006289886792023535 -0.001018341163501319 0.001088045140390652 0.00297601311986629
 -0.001285882247204432 0.007583570804272125 0.01304563724649377 0.006963320628982748 0.007087723172796436 0.01069226690869696 0.01323866702398664 0.008155066723784238 0.001116927278357601 0.0004770009477541508 0.002898151480017792 0.002570685700603343 0.002230482479703155 0.003532087924692299 0.003593811212815626 0.002549531590079053 0.002519685850251997 0.003079488034498063 0.003846642117071268 0.00402553333839152 0.00145880689413961 -0.0002660572466814194 0.001462786727988011 0.002948659865227318
 -0.003686607050460458 0.008225742521400488 0.01153319320297416 0.0064115173987012 0.00318390997807701 0.004557759173579673 0.008155066723784238 0.01258603824727703 0.0116839182680822 0.005345988822603433 0.002821457518325495 0.007099138514739156 0.007348837671811327 0.001977694751152127 0.002373301232833931 0.006723477030067495 0.006555190085780691 0.00433482020024833 0.004820379117690257 0.005351248315894952 0.004116612932455797 0.003667027125118516 0.00414664455443312 0.003452297266722336
 -0.004253413309718769 0.003650542861825333 0.00420054826597388 0.004435643599777256 0.001171325558010523 0.0001065455871317129 0.001116927278357601 0.0116839182680822 0.01949153526273512 0.01082469591954547 0.002557337237636128 0.009834843672600993 0.01186581520970828 0.0006605457805692581 0.0002671916065104209 0.009413920853340522 0.009466382303156868 0.004495599573369223 0.004565479450267657 0.005330330058313538 0.005524470507567894 0.006497474092879399 0.00598629158370465 0.003590657560964649
 -0.001799932928625621 0.001587595018977126 0.002034412738564341 0.002653660866042886 0.001706693753771564 0.0007438079173101637 0.0004770009477541508 0.005345988822603433 0.01082469591954547 0.008813744828641182 0.003792899956085469 0.00539007440891628 0.006545258833618761 0.001450042220125571 0.0008610653313055151 0.005293770999575008 0.005342110532375106 0.002546904818334695 0.002582562674211958 0.003143546944918377 0.00296176404824456 0.003354657493153171 0.003614443257076815 0.00269945649133331
 -0.001247699122098266 0.003960813709780176 0.006613355850306569 0.00327430799157344 0.0024573033964218 0.002575917524896508 0.002898151480017792 0.002821457518325495 0.002557337237636128 0.003792899956085469 0.005104378695914444 0.004120249020542984 0.002317149228803056 0.001882766267016101 0.002544814530820214 0.002777187767863788 0.002213820782293053 0.001573409395893787 0.00176826687433116 0.002225686173559661 0.00124386526177861 0.0004751831086822906 0.001445006249382662 0.002171500989947262
 -0.00429493713311877 0.004565497171480511 0.007718495892634072 0.004456740226268046 0.00104711947876016 0.001465404781223998 0.002570685700603343 0.007099138514739156 0.009834843672600993 0.00539007440891628 0.004120249020542984 0.01102353906896859 0.01110966665801149 0.00209518089914126 0.001514834942223839 0.007474462910063736 0.007360134053768841 0.003657244950724344 0.003518578759966925 0.004328829861223616 0.004147338527251162 0.004080895948917584 0.003996770735164058 0.00318232575495038
 -0.00445111527960686 0.002091142495793532 0.003844832717519318 0.002799040547117259 0.0005410796795209125 0.001308325168766152 0.002230482479703155 0.007348837671811327 0.01186581520970828 0.006545258833618761 0.002317149228803056 0.01110966665801149 0.01531949497670316 0.004511025703288828 0.001222582655267645 0.008239431328549363 0.00889158667763114 0.004399006166435262 0.004327334074907801 0.005039291009496879 0.00486297410590328 0.005363876299470763 0.005328997249595051 0.00386551458103131
 -0.001527471797320366 0.002577640024165924 0.004056885101421224 0.0007811753002943408 0.001914978128720027 0.003148770928889474 0.003532087924692299 0.001977694751152127 0.0006605457805692581 0.001450042220125571 0.001882766267016101 0.00209518089914126 0.004511025703288828 0.006374220257788623 0.005112027717429444 0.002911862664379903 0.001699673605712816 0.001701079529686812 0.002921421819696092 0.003346166986379214 0.001333661986248462 0.0001376275533157325 0.00189513561445184 0.003121482239334698
 -0.002494214883096206 0.005147904270744992 0.007387463782146316 0.00228730609835891 0.002974063436133584 0.003519067524805129 0.003593811212815626 0.002373301232833931 0.0002671916065104209 0.0008610653313055151 0.002544814530820214 0.001514834942223839 0.001222582655267645 0.005112027717429444 0.00744314622331667 0.004613393817039788 0.00125547193055854 0.001175346957902626 0.003070024244911753 0.004079685085591062 0.001852937675986035 -0.0002195945791410505 0.001405088026928966 0.00324224346433467
